epochs=300
lr=0.1
max-score=0.96
avg-score==0.9495407407407409
last-loss==0.009508599828226902
