epochs=100
lr=0.2
max-score=0.9743589743589743
avg-score==0.9518589743589743
last-loss==0.1385656559807366
