epochs=50
lr=0.001
max-score=0.9444444444444444
avg-score==0.9280555555555555
last-loss==0.10029362071784045
