epochs=300
lr=0.2
max-score=0.9404761904761905
avg-score==0.9330158730158731
last-loss==0.008943891389229039
