epochs=100
lr=0.1
max-score=0.984375
avg-score==0.9626953125
last-loss==0.10831417324296409
