epochs=300
lr=0.01
max-score=0.9271676300578034
avg-score==0.9200510597302505
last-loss==0.3478716910186399
