epochs=100
lr=0.4
max-score=0.9555555555555556
avg-score==0.9183333333333331
last-loss==0.07250722690899851
