epochs=100
lr=0.05
max-score=0.9466666666666667
avg-score==0.9290133333333335
last-loss==0.07727968690373145
