epochs=100
lr=0.1
max-score=0.9736842105263158
avg-score==0.9520175438596491
last-loss==0.12770514636735092
