epochs=50
lr=0.1
max-score=0.9305555555555556
avg-score==0.86125
last-loss==0.16001164274534407
