epochs=300
lr=0.4
max-score=0.9222543352601156
avg-score==0.9026117533718689
last-loss==0.3648368881049399
