epochs=100
lr=0.1
max-score=0.9466666666666667
avg-score==0.9377333333333334
last-loss==0.09834645247892101
