epochs=100
lr=0.2
max-score=0.9770114942528736
avg-score==0.9256321839080459
last-loss==0.08236525457603439
