epochs=50
lr=0.001
max-score=0.9444444444444444
avg-score==0.9272751322751323
last-loss==0.10036024121456602
