epochs=100
lr=0.4
max-score=0.9459459459459459
avg-score==0.9120270270270271
last-loss==0.07385303521912687
