epochs=300
lr=0.1
max-score=0.9266754656107934
avg-score==0.9219659122386795
last-loss==0.336110707160029
