epochs=50
lr=0.001
max-score=0.9444444444444444
avg-score==0.9219097222222223
last-loss==0.10069471913087184
