epochs=100
lr=0.05
max-score=0.9666666666666667
avg-score==0.949851851851852
last-loss==0.025486850404091092
