epochs=50
lr=0.05
max-score=0.9444444444444444
avg-score==0.8929365079365079
last-loss==0.12792683348813788
