epochs=100
lr=0.05
max-score=0.972972972972973
avg-score==0.9700506756756758
last-loss==0.09660850723136531
