epochs=100
lr=0.1
max-score=0.9864864864864865
avg-score==0.9747635135135134
last-loss==0.16377166997853193
