epochs=100
lr=0.4
max-score=0.9864864864864865
avg-score==0.9395945945945943
last-loss==0.21437128032259742
