epochs=100
lr=0.2
max-score=0.972972972972973
avg-score==0.9612837837837839
last-loss==0.13333033486678392
