epochs=100
lr=0.05
max-score=0.9666666666666667
avg-score==0.9554567901234569
last-loss==0.02097176760558564
