epochs=100
lr=0.05
max-score=0.9770114942528736
avg-score==0.9522222222222221
last-loss==0.055286419122906404
