epochs=100
lr=0.05
max-score=0.9736842105263158
avg-score==0.9627960526315789
last-loss==0.11398786714042454
