epochs=100
lr=0.4
max-score=0.9615384615384616
avg-score==0.9401282051282054
last-loss==0.15983645876917876
