epochs=300
lr=0.4
max-score=0.9466666666666667
avg-score==0.9259111111111112
last-loss==0.035406751550657777
