epochs=100
lr=0.1
max-score=0.9466666666666667
avg-score==0.9391555555555555
last-loss==0.1088933017086515
