epochs=100
lr=0.2
max-score=0.9692307692307692
avg-score==0.9209230769230768
last-loss==0.08722574273912088
