epochs=100
lr=0.2
max-score=0.9459459459459459
avg-score==0.9222297297297295
last-loss==0.04682546137728709
