epochs=300
lr=0.1
max-score=0.9281727379553466
avg-score==0.9241540997519259
last-loss==0.34895503418900664
