epochs=100
lr=0.05
max-score=0.9459459459459459
avg-score==0.9301651651651648
last-loss==0.025614615162747878
