learning-rate=[0.4, 0.2, 0.1, 0.1, 0.05, 0.05, 0.05, 0.05, 0.05]
epochs=100
top-Score=[0.95556, 0.95556, 0.95556, 0.95556, 0.95556, 0.96667, 0.96667, 0.96667, 0.96667]
avg-score=[0.91833, 0.93694, 0.94315, 0.94625, 0.94811, 0.94985, 0.95225, 0.95406, 0.95546]
Loss=[0.07251, 0.0427, 0.03505, 0.0296, 0.0274, 0.02549, 0.0238, 0.02231, 0.02097]
