epochs=100
lr=0.05
max-score=0.9770114942528736
avg-score==0.9620019157088122
last-loss==0.04161237696221804
