epochs=100
lr=0.2
max-score=0.9736842105263158
avg-score==0.947763157894737
last-loss==0.13495845475337176
