epochs=100
lr=0.05
max-score=0.9555555555555556
avg-score==0.9481111111111112
last-loss==0.02739677738950878
