learning-rate=[0.4, 0.2, 0.1, 0.1, 0.05, 0.05, 0.05, 0.05, 0.05, 0.05, 0.05, 0.05]
epochs=100
top-Score=[0.97701, 0.97701, 0.97701, 0.97701, 0.97701, 0.97701, 0.97701, 0.97701, 0.97701, 0.97701, 0.97701, 0.97701]
avg-score=[0.87862, 0.92563, 0.93893, 0.94557, 0.94956, 0.95222, 0.95412, 0.95555, 0.957, 0.959, 0.96064, 0.962]
Loss=[0.12503, 0.08237, 0.07094, 0.06236, 0.0586, 0.05529, 0.05231, 0.04963, 0.04719, 0.04512, 0.04329, 0.04161]
