epochs=50
lr=0.2
max-score=0.9027777777777778
avg-score==0.8040277777777776
last-loss==0.22465451611251086
