epochs=100
lr=0.05
max-score=0.9770114942528736
avg-score==0.9541215106732349
last-loss==0.05231309687995705
