learning-rate=[0.4, 0.2, 0.1, 0.1, 0.05, 0.05, 0.05, 0.05, 0.05, 0.05]
epochs=100
top-Score=[0.94667, 0.94667, 0.94667, 0.94667, 0.94667, 0.94667, 0.94667, 0.94667, 0.94667, 0.94667]
avg-score=[0.92413, 0.9354, 0.93916, 0.93773, 0.93685, 0.93502, 0.93288, 0.93127, 0.93001, 0.92901]
Loss=[0.16299, 0.12228, 0.10889, 0.09835, 0.09386, 0.08985, 0.08623, 0.08295, 0.07998, 0.07728]
