epochs=100
lr=0.2
max-score=0.9466666666666667
avg-score==0.9354
last-loss==0.12227744315101606
