epochs=100
lr=0.05
max-score=0.9459459459459459
avg-score==0.9290315315315316
last-loss==0.03019005352149463
