epochs=300
lr=0.1
max-score=0.929225768321513
avg-score==0.922830805095876
last-loss==0.35585756460891355
