learning-rate=[0.4, 0.2, 0.1, 0.1, 0.05, 0.05, 0.05, 0.05, 0.05, 0.05, 0.05, 0.05]
epochs=100
top-Score=[0.94595, 0.94595, 0.94595, 0.94595, 0.94595, 0.94595, 0.94595, 0.94595, 0.94595, 0.94595, 0.94595, 0.94595]
avg-score=[0.91203, 0.92223, 0.92563, 0.92733, 0.92835, 0.92903, 0.92952, 0.92988, 0.93017, 0.93039, 0.93058, 0.93073]
Loss=[0.07385, 0.04683, 0.03945, 0.03424, 0.03208, 0.03019, 0.0285, 0.02698, 0.02561, 0.02437, 0.02324, 0.0222]
