epochs=100
lr=0.1
max-score=0.9555555555555556
avg-score==0.9431481481481482
last-loss==0.03505479211324097
