epochs=100
lr=0.4
max-score=0.9692307692307692
avg-score==0.8880000000000001
last-loss==0.1313783210269528
