epochs=300
lr=0.2
max-score=0.9262355184044582
avg-score==0.9197448306203254
last-loss==0.3394250482873701
