epochs=50
lr=0.05
max-score=0.9444444444444444
avg-score==0.9143981481481482
last-loss==0.10449491114411619
