epochs=100
lr=0.05
max-score=0.972972972972973
avg-score==0.9696332046332048
last-loss==0.09942235155607647
