learning-rate=[0.4, 0.2, 0.1, 0.1, 0.1, 0.05, 0.05, 0.05, 0.05]
epochs=100
top-Score=[0.96875, 0.96875, 0.96875, 0.98438, 0.98438, 0.98438, 0.98438, 0.98438, 0.98438]
avg-score=[0.93922, 0.95398, 0.95891, 0.9627, 0.96703, 0.96992, 0.97199, 0.97354, 0.97474]
Loss=[0.1536, 0.12374, 0.11505, 0.10831, 0.1035, 0.10142, 0.09955, 0.09782, 0.09622]
