epochs=100
lr=0.05
max-score=0.9459459459459459
avg-score==0.9298817567567564
last-loss==0.026984734866003692
