epochs=100
lr=0.05
max-score=0.984375
avg-score==0.9747395833333333
last-loss==0.09622495894303375
