epochs=100
lr=0.05
max-score=0.984375
avg-score==0.9719866071428571
last-loss==0.09954662904124907
