epochs=300
lr=0.4
max-score=0.96
avg-score==0.9286222222222221
last-loss==0.02035320795813497
