epochs=100
lr=0.05
max-score=0.9743589743589743
avg-score==0.9653589743589743
last-loss==0.1266690476689943
