epochs=300
lr=0.05
max-score=0.9404761904761905
avg-score==0.9367460317460318
last-loss==0.0067638395658135295
