epochs=300
lr=0.4
max-score=0.9252089749230092
avg-score==0.9142288703133401
last-loss==0.3495452893244928
