epochs=100
lr=0.1
max-score=0.9864864864864865
avg-score==0.9708558558558559
last-loss==0.1688870106148717
