epochs=100
lr=0.1
max-score=0.9770114942528736
avg-score==0.9389272030651341
last-loss==0.07094041107127276
