epochs=300
lr=0.05
max-score=0.9269687637483502
avg-score==0.9231283912597155
last-loss==0.3347024614019742
