epochs=100
lr=0.05
max-score=0.972972972972973
avg-score==0.9682972972972975
last-loss==0.10606678367727339
