epochs=100
lr=0.05
max-score=0.9459459459459459
avg-score==0.9295173745173744
last-loss==0.028501457844872836
