epochs=100
lr=0.05
max-score=0.9864864864864865
avg-score==0.9812762762762761
last-loss==0.15447043471363373
