epochs=50
lr=0.001
max-score=0.9444444444444444
avg-score==0.9244135802469137
last-loss==0.10056062564776631
