epochs=300
lr=0.1
max-score=0.9281914893617021
avg-score==0.9199972911741527
last-loss==0.36025185476291577
