epochs=100
lr=0.05
max-score=0.972972972972973
avg-score==0.9706351351351354
last-loss==0.09172820784877726
