epochs=100
lr=0.05
max-score=0.9864864864864865
avg-score==0.980625
last-loss==0.15562063035922574
