epochs=100
lr=0.05
max-score=0.9466666666666667
avg-score==0.9312666666666667
last-loss==0.08295380693288626
