epochs=100
lr=0.05
max-score=0.9743589743589743
avg-score==0.9698589743589744
last-loss==0.12013028466106397
