epochs=100
lr=0.2
max-score=0.9555555555555556
avg-score==0.9369444444444446
last-loss==0.042703969066449354
