epochs=50
lr=0.1
max-score=0.9305555555555556
avg-score==0.8751111111111111
last-loss==0.14191294707334257
