epochs=100
lr=0.05
max-score=0.9736842105263158
avg-score==0.9640058479532163
last-loss==0.11270933605012584
