epochs=100
lr=0.05
max-score=0.9466666666666667
avg-score==0.9368533333333334
last-loss==0.09386080420904219
