epochs=100
lr=0.1
max-score=0.9529411764705882
avg-score==0.9103137254901962
last-loss==0.053838672999967065
