epochs=100
lr=0.05
max-score=0.9529411764705882
avg-score==0.9369558823529411
last-loss==0.034081273609217075
