epochs=50
lr=0.001
max-score=0.9444444444444444
avg-score==0.92546783625731
last-loss==0.10049371526738217
