epochs=100
lr=0.05
max-score=0.9459459459459459
avg-score==0.9307319819819819
last-loss==0.02220296186037391
