epochs=100
lr=0.1
max-score=0.9743589743589743
avg-score==0.9593589743589744
last-loss==0.13276857041478282
