epochs=100
lr=0.05
max-score=0.9743589743589743
avg-score==0.9668589743589742
last-loss==0.12508336981567153
