epochs=100
lr=0.05
max-score=0.9743589743589743
avg-score==0.9687339743589743
last-loss==0.12236982506590983
