epochs=100
lr=0.05
max-score=0.9529411764705882
avg-score==0.927364705882353
last-loss==0.04201232685668856
