epochs=100
lr=0.05
max-score=0.9692307692307692
avg-score==0.9428717948717947
last-loss==0.06277737952563879
