epochs=50
lr=0.001
max-score=0.9444444444444444
avg-score==0.9204074074074073
last-loss==0.10076230488220404
