epochs=100
lr=0.1
max-score=0.9529411764705882
avg-score==0.9209705882352941
last-loss==0.045428130898851136
