epochs=100
lr=0.1
max-score=0.9736842105263158
avg-score==0.9541447368421053
last-loss==0.12253479866643782
