epochs=100
lr=0.05
max-score=0.984375
avg-score==0.97353515625
last-loss==0.09782074412466651
