epochs=50
lr=0.1
max-score=0.9166666666666666
avg-score==0.8408333333333335
last-loss==0.185537456395692
