learning-rate=[0.4, 0.2, 0.1, 0.1, 0.05, 0.05, 0.05, 0.05, 0.05]
epochs=100
top-Score=[0.94118, 0.95294, 0.95294, 0.95294, 0.95294, 0.95294, 0.95294, 0.95294, 0.95294]
avg-score=[0.83576, 0.889, 0.91031, 0.92097, 0.92736, 0.93163, 0.93467, 0.93696, 0.93873]
Loss=[0.11199, 0.06563, 0.05384, 0.04543, 0.04201, 0.03905, 0.03642, 0.03408, 0.03199]
