epochs=50
lr=0.05
max-score=0.9444444444444444
avg-score==0.9083888888888889
last-loss==0.11252294866474945
