epochs=300
lr=0.4
max-score=0.9276004728132388
avg-score==0.9127383766745468
last-loss==0.36664464300771726
