epochs=100
lr=0.4
max-score=0.9770114942528736
avg-score==0.8786206896551727
last-loss==0.12502752730688316
