epochs=100
lr=0.05
max-score=0.9666666666666667
avg-score==0.9522539682539682
last-loss==0.023802615438215845
