epochs=100
lr=0.05
max-score=0.9864864864864865
avg-score==0.9786711711711712
last-loss==0.15831403343044767
