epochs=300
lr=0.2
max-score=0.96
avg-score==0.9443111111111112
last-loss==0.011691801637159105
