epochs=100
lr=0.05
max-score=0.9466666666666667
avg-score==0.9350222222222222
last-loss==0.08985345091991359
