epochs=100
lr=0.1
max-score=0.9692307692307692
avg-score==0.9373846153846154
last-loss==0.0687914958307591
