epochs=100
lr=0.1
max-score=0.984375
avg-score==0.96703125
last-loss==0.10350376260579551
