epochs=100
lr=0.05
max-score=0.9692307692307692
avg-score==0.9444395604395605
last-loss==0.06029942989878701
