epochs=100
lr=0.1
max-score=0.9459459459459459
avg-score==0.9256306306306306
last-loss==0.03944690466903937
