epochs=300
lr=0.2
max-score=0.9280258519388954
avg-score==0.9222892185663925
last-loss==0.35260350652288275
