epochs=300
lr=0.1
max-score=0.9404761904761905
avg-score==0.9355026455026454
last-loss==0.007371866664710621
