epochs=50
lr=0.001
max-score=0.9444444444444444
avg-score==0.9264166666666667
last-loss==0.10042692858382989
