epochs=100
lr=0.1
max-score=0.9555555555555556
avg-score==0.94625
last-loss==0.029602395309781863
