epochs=100
lr=0.05
max-score=0.9736842105263158
avg-score==0.9612406015037593
last-loss==0.11537386288290061
