epochs=100
lr=0.1
max-score=0.9736842105263158
avg-score==0.9562631578947371
last-loss==0.11857285640503036
