epochs=100
lr=0.1
max-score=0.9864864864864865
avg-score==0.977108108108108
last-loss==0.15992131871557452
