learning-rate=[0.4, 0.2, 0.1, 0.1, 0.1, 0.05, 0.05, 0.05, 0.05, 0.05, 0.05]
epochs=100
top-Score=[0.98649, 0.98649, 0.98649, 0.98649, 0.98649, 0.98649, 0.98649, 0.98649, 0.98649, 0.98649, 0.98649]
avg-score=[0.93959, 0.96304, 0.97086, 0.97476, 0.97711, 0.97867, 0.97979, 0.98062, 0.98128, 0.9818, 0.98222]
Loss=[0.21437, 0.17769, 0.16889, 0.16377, 0.15992, 0.15831, 0.15689, 0.15562, 0.15447, 0.15343, 0.15247]
