epochs=300
lr=0.05
max-score=0.9466666666666667
avg-score==0.9397481481481483
last-loss==0.024557843015307546
