epochs=100
lr=0.4
max-score=0.9466666666666667
avg-score==0.9241333333333336
last-loss==0.1629875868771346
