epochs=50
lr=0.05
max-score=0.9444444444444444
avg-score==0.9167094017094016
last-loss==0.10096665869767164
