epochs=100
lr=0.05
max-score=0.9743589743589743
avg-score==0.9693589743589743
last-loss==0.12119905806400538
