epochs=100
lr=0.4
max-score=0.972972972972973
avg-score==0.9495945945945945
last-loss==0.18403575327807936
