epochs=50
lr=0.001
max-score=0.9444444444444444
avg-score==0.923235294117647
last-loss==0.10062763409452566
