epochs=100
lr=0.05
max-score=0.972972972972973
avg-score==0.9690765765765764
last-loss==0.1025556972275496
