epochs=100
lr=0.1
max-score=0.972972972972973
avg-score==0.9671283783783785
last-loss==0.11007970656623563
