epochs=100
lr=0.4
max-score=0.9736842105263158
avg-score==0.9350000000000003
last-loss==0.16338159667127478
