epochs=50
lr=0.05
max-score=0.9444444444444444
avg-score==0.9116666666666667
last-loss==0.10833751803661106
