epochs=100
lr=0.05
max-score=0.9770114942528736
avg-score==0.9606374085684432
last-loss==0.04329336659887225
