epochs=100
lr=0.05
max-score=0.9736842105263158
avg-score==0.9591666666666666
last-loss==0.1168821461508562
