epochs=100
lr=0.05
max-score=0.9864864864864865
avg-score==0.981797297297297
last-loss==0.15342601582090512
