epochs=100
lr=0.05
max-score=0.9459459459459459
avg-score==0.9303918918918914
last-loss==0.024371819589098436
