epochs=100
lr=0.05
max-score=0.9529411764705882
avg-score==0.9316274509803922
last-loss==0.03904520646391444
