epochs=100
lr=0.05
max-score=0.984375
avg-score==0.969921875
last-loss==0.10142438665692917
