epochs=100
lr=0.4
max-score=0.96875
avg-score==0.93921875
last-loss==0.1536018010917473
