epochs=50
lr=0.05
max-score=0.9444444444444444
avg-score==0.899375
last-loss==0.12222478246735896
