epochs=100
lr=0.05
max-score=0.9770114942528736
avg-score==0.9589999999999999
last-loss==0.045120084876279165
