epochs=100
lr=0.05
max-score=0.972972972972973
avg-score==0.9703753753753755
last-loss==0.09405696993075102
