epochs=100
lr=0.05
max-score=0.9666666666666667
avg-score==0.9540555555555555
last-loss==0.022307328723854585
