epochs=100
lr=0.05
max-score=0.9770114942528736
avg-score==0.9495632183908045
last-loss==0.05860125194306311
