epochs=100
lr=0.1
max-score=0.9770114942528736
avg-score==0.9455747126436781
last-loss==0.062364153776449244
