epochs=50
lr=0.001
max-score=0.9444444444444444
avg-score==0.9186904761904761
last-loss==0.10083049402253833
