epochs=100
lr=0.1
max-score=0.972972972972973
avg-score==0.96518018018018
last-loss==0.11988518506759878
