learning-rate=[0.4, 0.2, 0.1, 0.1, 0.05, 0.05, 0.05, 0.05, 0.05, 0.05]
epochs=100
top-Score=[0.96154, 0.97436, 0.97436, 0.97436, 0.97436, 0.97436, 0.97436, 0.97436, 0.97436, 0.97436]
avg-score=[0.94013, 0.95186, 0.95936, 0.96311, 0.96536, 0.96686, 0.96793, 0.96873, 0.96936, 0.96986]
Loss=[0.15984, 0.13857, 0.13277, 0.12846, 0.12667, 0.12508, 0.12366, 0.12237, 0.1212, 0.12013]
