epochs=100
lr=0.05
max-score=0.9466666666666667
avg-score==0.9328761904761906
last-loss==0.08623177749957285
