epochs=100
lr=0.2
max-score=0.96875
avg-score==0.953984375
last-loss==0.12374186219774727
