epochs=50
lr=0.001
max-score=0.9444444444444444
avg-score==0.9287681159420289
last-loss==0.10022711159685631
