epochs=50
lr=0.05
max-score=0.9305555555555556
avg-score==0.8843518518518518
last-loss==0.13435812051133456
