epochs=300
lr=0.3
max-score=0.9264450867052023
avg-score==0.9132177263969171
last-loss==0.35290081955394376
