epochs=300
lr=0.2
max-score=0.9271676300578034
avg-score==0.9177270391779062
last-loss==0.348092034732591
