epochs=100
lr=0.05
max-score=0.9529411764705882
avg-score==0.934672268907563
last-loss==0.03641981757148962
