epochs=300
lr=0.4
max-score=0.9404761904761905
avg-score==0.9255555555555556
last-loss==0.014974167434078086
