epochs=100
lr=0.05
max-score=0.9459459459459459
avg-score==0.9305773955773956
last-loss==0.023239063133178677
