epochs=100
lr=0.05
max-score=0.9770114942528736
avg-score==0.9555459770114942
last-loss==0.04962780738155033
