epochs=100
lr=0.4
max-score=0.9411764705882353
avg-score==0.8357647058823529
last-loss==0.11198972365839222
