epochs=100
lr=0.2
max-score=0.9529411764705882
avg-score==0.889
last-loss==0.06563019367503521
