epochs=100
lr=0.2
max-score=0.9864864864864865
avg-score==0.9630405405405403
last-loss==0.17768909237016625
