epochs=100
lr=0.05
max-score=0.9529411764705882
avg-score==0.9387320261437909
last-loss==0.03198637343814501
