epochs=100
lr=0.05
max-score=0.9864864864864865
avg-score==0.9822235872235875
last-loss==0.15247199833928193
