epochs=50
lr=0.4
max-score=0.8194444444444444
avg-score==0.7336111111111111
last-loss==0.3741507228801271
