epochs=100
lr=0.05
max-score=0.9692307692307692
avg-score==0.9406769230769231
last-loss==0.06561187032106439
