epochs=100
lr=0.05
max-score=0.9864864864864865
avg-score==0.9797876447876447
last-loss==0.15689477805620441
