epochs=50
lr=0.05
max-score=0.9444444444444444
avg-score==0.9043827160493828
last-loss==0.11712658869793038
