epochs=100
lr=0.1
max-score=0.9459459459459459
avg-score==0.9273310810810809
last-loss==0.03423565911498251
