epochs=100
lr=0.05
max-score=0.9770114942528736
avg-score==0.9569987228607917
last-loss==0.047187501591097504
