epochs=300
lr=0.4
max-score=0.9274383078730905
avg-score==0.9169207794751272
last-loss==0.36358624023941977
