epochs=100
lr=0.05
max-score=0.9743589743589743
avg-score==0.9679304029304029
last-loss==0.12365830911766577
