epochs=300
lr=0.1
max-score=0.9466666666666667
avg-score==0.9362888888888888
last-loss==0.027490363394640154
