epochs=100
lr=0.05
max-score=0.9459459459459459
avg-score==0.9283513513513512
last-loss==0.032080827471023844
